# Created by Octave 4.4.0, Sun May 20 23:59:47 2018 PDT <upen@Upendrans-MacBook-Pro.local>
# name: A
# type: matrix
# rows: 3
# columns: 3
 8 1 6
 3 5 7
 4 9 2


# name: a
# type: scalar
3.1415926535897931


# name: ans
# type: matrix
# rows: 3
# columns: 3
 0.14722222222222273 -0.14444444444444546 0.063888888888889411
 -0.061111111111112094 0.022222222222224287 0.10555555555555447
 -0.019444444444443973 0.18888888888888783 -0.10277777777777719


# name: b
# type: matrix
# rows: 2
# columns: 3
 0.33830914951152752 0.033381606901119396 3.1415926535897931
 0.46647508825228085 0.2741691728955698 -3.1415926535897931


# name: c
# type: diagonal matrix
# rows: 3
# columns: 3
1
1
1


# name: d
# type: matrix
# rows: 3
# columns: 2
 0.62373660374482232 0.049272050475995963
 0.7899612619202373 0.28743959037202654
 0.83022771219258873 0.22288798402003968


# name: e
# type: matrix
# rows: 2
# columns: 3
 0.68084799818001762 0.97926825774847504 0.02403801453255754
 0.14920612591157828 0.37595844751292767 0.091199472942729495


# name: f
# type: matrix
# rows: 2
# columns: 6
 0.9359730516368302 0.032858832188288598 0.46874240858590738 0.68084799818001762 0.97926825774847504 0.02403801453255754
 0.9816919739346367 0.16053606525776637 0.6480142394308066 0.14920612591157828 0.37595844751292767 0.091199472942729495


# name: g
# type: matrix
# rows: 4
# columns: 3
 0.9359730516368302 0.032858832188288598 0.46874240858590738
 0.9816919739346367 0.16053606525776637 0.6480142394308066
 0.68084799818001762 0.97926825774847504 0.02403801453255754
 0.14920612591157828 0.37595844751292767 0.091199472942729495


# name: h
# type: matrix
# rows: 2
# columns: 2
 0.56343962709989415 0.031977022300212085
 0.01085727015537168 0.92915599169090157


# name: i
# type: scalar
3


# name: t
# type: matrix
# rows: 1
# columns: 99
 0 0.01 0.02 0.029999999999999999 0.040000000000000001 0.050000000000000003 0.059999999999999998 0.070000000000000007 0.080000000000000002 0.089999999999999997 0.10000000000000001 0.11 0.12 0.13 0.14000000000000001 0.14999999999999999 0.16 0.17000000000000001 0.17999999999999999 0.19 0.20000000000000001 0.20999999999999999 0.22 0.23000000000000001 0.23999999999999999 0.25 0.26000000000000001 0.27000000000000002 0.28000000000000003 0.28999999999999998 0.29999999999999999 0.31 0.32000000000000001 0.33000000000000002 0.34000000000000002 0.35000000000000003 0.35999999999999999 0.37 0.38 0.39000000000000001 0.40000000000000002 0.41000000000000003 0.41999999999999998 0.42999999999999999 0.44 0.45000000000000001 0.46000000000000002 0.47000000000000003 0.47999999999999998 0.48999999999999999 0.5 0.51000000000000001 0.52000000000000002 0.53000000000000003 0.54000000000000004 0.55000000000000004 0.56000000000000005 0.57000000000000006 0.57999999999999996 0.58999999999999997 0.59999999999999998 0.60999999999999999 0.62 0.63 0.64000000000000001 0.65000000000000002 0.66000000000000003 0.67000000000000004 0.68000000000000005 0.69000000000000006 0.70000000000000007 0.70999999999999996 0.71999999999999997 0.72999999999999998 0.73999999999999999 0.75 0.76000000000000001 0.77000000000000002 0.78000000000000003 0.79000000000000004 0.80000000000000004 0.81000000000000005 0.82000000000000006 0.83000000000000007 0.83999999999999997 0.84999999999999998 0.85999999999999999 0.87 0.88 0.89000000000000001 0.90000000000000002 0.91000000000000003 0.92000000000000004 0.93000000000000005 0.94000000000000006 0.95000000000000007 0.95999999999999996 0.96999999999999997 0.97999999999999998


# name: y
# type: matrix
# rows: 1
# columns: 99
 0 0.25675636036772681 0.54975465219277009 0.93906250581749229 1.575747859968651 3.0776835371752531 15.894544843865269 -5.2421835811131707 -2.1251081731572019 -1.2087923504096094 -0.72654252800536112 -0.3959280087977215 -0.12632937844610848 0.12632937844610823 0.39592800879772178 0.72654252800536079 1.2087923504096094 2.1251081731572059 5.2421835811131769 -15.894544843865441 -3.0776835371752558 -1.5757478599686539 -0.93906250581749295 -0.54975465219277009 -0.25675636036772742 -2.4492935982947064e-16 0.25675636036772692 0.54975465219277075 0.93906250581749395 1.5757478599686487 3.07768353717525 15.894544843865319 -5.2421835811131654 -2.1251081731571988 -1.2087923504096065 -0.72654252800536134 -0.39592800879772128 -0.12632937844610781 0.12632937844610709 0.39592800879772039 0.72654252800536023 1.208792350409609 2.1251081731571948 5.242183581113145 -15.894544843865503 -3.077683537175258 -1.5757478599686514 -0.93906250581749184 -0.54975465219277153 -0.2567563603677277 -4.8985871965894128e-16 0.25675636036772659 0.54975465219277042 0.9390625058174934 1.5757478599686541 3.0776835371752664 15.894544843865702 -5.2421835811131725 -2.1251081731572099 -1.2087923504096114 -0.72654252800536201 -0.39592800879772155 -0.12632937844610806 0.12632937844610684 0.39592800879772216 0.72654252800535979 1.2087923504096127 2.1251081731572032 5.2421835811132382 -15.894544843865118 -3.0776835371752602 -1.5757478599686583 -0.9390625058174924 -0.54975465219277198 -0.25675636036772603 -7.3478807948841188e-16 0.25675636036772448 0.54975465219276998 0.93906250581748962 1.5757478599686532 3.0776835371752451 15.894544843865644 -5.2421835811131796 -2.1251081731571917 -1.2087923504096163 -0.72654252800536223 -0.39592800879772383 -0.12632937844610834 0.12632937844610656 0.39592800879772189 0.72654252800535946 1.2087923504096123 2.1251081731572019 5.242183581113232 -15.894544843865177 -3.0776835371752633 -1.5757478599686592 -0.93906250581749284 -0.54975465219277231


# name: y1
# type: matrix
# rows: 1
# columns: 99
 0 0.24868988716485479 0.48175367410171532 0.68454710592868862 0.84432792550201508 0.95105651629515353 0.99802672842827156 0.98228725072868861 0.90482705246601947 0.77051324277578925 0.58778525229247325 0.36812455268467814 0.12533323356430454 -0.12533323356430431 -0.36812455268467836 -0.58778525229247303 -0.77051324277578936 -0.9048270524660198 -0.98228725072868872 -0.99802672842827156 -0.95105651629515364 -0.84432792550201552 -0.68454710592868895 -0.48175367410171532 -0.24868988716485535 -2.4492935982947064e-16 0.24868988716485491 0.48175367410171571 0.68454710592868928 0.84432792550201474 0.95105651629515342 0.99802672842827156 0.98228725072868861 0.90482705246601924 0.77051324277578859 0.58778525229247336 0.36812455268467797 0.1253332335643039 -0.12533323356430318 -0.36812455268467725 -0.5877852522924728 -0.77051324277578914 -0.90482705246601891 -0.9822872507286885 -0.99802672842827156 -0.95105651629515375 -0.84432792550201519 -0.6845471059286885 -0.48175367410171627 -0.2486898871648556 -4.8985871965894128e-16 0.24868988716485463 0.48175367410171549 0.68454710592868906 0.84432792550201552 0.95105651629515398 0.99802672842827167 0.98228725072868861 0.90482705246602002 0.77051324277578981 0.58778525229247369 0.3681245526846782 0.12533323356430415 -0.12533323356430293 -0.3681245526846787 -0.58778525229247258 -0.77051324277579014 -0.90482705246601958 -0.98228725072868905 -0.99802672842827156 -0.95105651629515375 -0.84432792550201619 -0.68454710592868873 -0.48175367410171654 -0.2486898871648541 -7.3478807948841188e-16 0.24868988716485271 0.48175367410171521 0.68454710592868762 0.84432792550201541 0.95105651629515331 0.99802672842827167 0.98228725072868872 0.90482705246601869 0.77051324277579103 0.5877852522924738 0.36812455268468003 0.1253332335643044 -0.12533323356430268 -0.36812455268467847 -0.58778525229247236 -0.77051324277579003 -0.90482705246601947 -0.98228725072868905 -0.99802672842827156 -0.95105651629515386 -0.8443279255020163 -0.68454710592868884 -0.48175367410171677


