# Created by Octave 4.4.0, Sun May 20 23:27:26 2018 PDT <upen@Upendrans-MacBook-Pro.local>
# name: a
# type: scalar
3.1415926535897931


